[default]
dataset = SVHN
vae_arch = TwoStage
latent_dim = 32
partitions = 20
ways = 3
model = optimal_sigma_vae
batch_size = 128
vae_sample = 4

[VAE_1]
info_dim = 30
noise = [0, 20]
kl = [0.002168, 0.571736, 0.479156, 0.365718, 0.936751, 0.697275, 0.175635, 0.35175, 0.632125, 0.390509, 0.216569, 0.868655, 0.685813, 0.319982, 1.578274, 0.806112, 0.600515, 0.728448, 0.405732, 0.314202, 0.002646, 1.203209, 0.840983, 0.470573, 0.295623, 0.622243, 0.451649, 0.871208, 0.493754, 0.254833, 0.501686, 0.328853]
mmd = 0.109068364

[VAE_2]
info_dim = 30
noise = [8, 21]
kl = [0.470423, 0.682731, 0.481502, 0.364524, 0.926826, 0.64373, 0.274381, 1.546204, 0.002395, 0.904175, 0.352475, 0.73905, 0.194007, 0.593799, 1.31214, 0.767517, 0.54913, 0.799639, 0.636166, 0.532619, 0.368842, 0.003167, 0.435098, 0.445318, 0.242574, 0.647029, 0.332193, 0.918428, 0.340618, 0.301345, 0.282742, 0.600913]
mmd = 0.10952482

[VAE_3]
info_dim = 30
noise = [1, 7]
kl = [0.498064, 0.004421, 0.439178, 0.558801, 0.944321, 0.611678, 0.69484, 0.003361, 0.58887, 0.488967, 0.363306, 0.725675, 0.312013, 0.604999, 0.234714, 0.531077, 0.448931, 0.858613, 0.265946, 0.310936, 0.381532, 0.256552, 0.541054, 0.409471, 1.155264, 0.874448, 0.384338, 0.959551, 1.643179, 0.2416, 0.239984, 0.747739]
mmd = 0.11367973

[VAE_4]
info_dim = 30
noise = [20, 21]
kl = [0.319372, 0.93842, 0.551525, 0.471485, 0.900678, 0.726786, 0.49642, 1.1739, 0.61319, 0.409816, 0.375264, 0.78985, 0.311883, 0.590825, 1.633884, 0.747115, 0.591474, 0.755565, 0.448451, 0.465394, 0.003247, 0.002392, 0.653643, 0.607568, 0.258599, 0.210237, 0.329243, 0.997671, 0.448543, 0.40518, 0.273562, 0.349963]
mmd = 0.10755339

[VAE_5]
info_dim = 30
noise = [10, 12]
kl = [0.450202, 0.453067, 0.183456, 0.688292, 0.872031, 0.618073, 0.574667, 1.585899, 0.653346, 0.363714, 0.003426, 0.941402, 0.004289, 0.480171, 0.893157, 0.3198, 0.72621, 0.765336, 0.258283, 0.511576, 0.293112, 1.262074, 0.262504, 0.377655, 0.36793, 0.531575, 0.522786, 0.931722, 0.307326, 0.295493, 0.37416, 0.707412]
mmd = 0.11003551

[VAE_6]
info_dim = 30
noise = [12, 24]
kl = [0.503024, 0.937261, 0.499694, 0.678517, 0.905954, 0.631683, 0.759818, 0.919487, 0.527104, 0.269154, 0.358132, 0.795322, 0.002332, 0.333169, 1.199361, 0.401184, 0.432486, 0.725178, 0.547624, 0.242464, 0.168321, 1.605433, 0.478665, 0.326898, 0.001958, 0.292108, 0.491216, 0.894375, 0.63566, 0.285343, 0.351445, 0.444773]
mmd = 0.1096563

[VAE_7]
info_dim = 30
noise = [7, 24]
kl = [0.597831, 0.621752, 0.356005, 0.582834, 0.853994, 0.688412, 0.295072, 0.003238, 0.308057, 0.477884, 0.438112, 0.891288, 0.220822, 0.589096, 1.620746, 0.794729, 0.658237, 0.68982, 0.284171, 0.417154, 0.398118, 1.299216, 0.330521, 0.456785, 0.001879, 0.947929, 0.193917, 0.856537, 0.511139, 0.273064, 0.274083, 0.50625]
mmd = 0.11266177

[VAE_8]
info_dim = 31
noise = [3]
kl = [0.238349, 0.45216, 0.499432, 0.000931, 0.852509, 0.660274, 0.607805, 0.592811, 0.25089, 0.929921, 0.272672, 0.730494, 0.653035, 0.331941, 0.912869, 0.891304, 0.476344, 0.696359, 0.40566, 0.311481, 0.339331, 0.445631, 0.457044, 0.574017, 0.466803, 0.381078, 0.530686, 1.175592, 1.599078, 0.217545, 0.339895, 0.331131]
mmd = 0.11175889

[VAE_9]
info_dim = 30
noise = [27, 29]
kl = [0.528927, 0.629237, 0.430602, 0.508938, 1.352737, 0.708316, 0.43781, 0.502791, 0.3458, 0.991552, 0.357728, 0.691416, 0.751395, 0.38411, 0.324315, 0.625724, 0.80029, 1.50106, 0.374234, 0.317492, 0.475115, 0.1985, 0.76791, 0.320714, 0.264899, 0.365922, 0.294385, 0.002661, 0.865362, 0.00408, 0.744542, 0.615819]
mmd = 0.108065896

[VAE_10]
info_dim = 30
noise = [10, 14]
kl = [0.468541, 0.362123, 0.412388, 0.341625, 1.331933, 0.899473, 0.435348, 0.188025, 0.362862, 0.594161, 0.003612, 0.246655, 0.511444, 0.31443, 0.002164, 0.372217, 0.654256, 1.527233, 0.362017, 0.532555, 0.23946, 0.820672, 0.665945, 0.493773, 0.819169, 0.883655, 0.38233, 0.8488, 0.628268, 0.281287, 0.915797, 0.720043]
mmd = 0.109382235

